56 200 131
255 0 0
0 255 0
0 0 255
0 255 255
255 255 0
255 0 255
0 0 0
255 255 255
122 126 75
55 17 124
123 133 185
55 122 124
119 24 66
122 68 22
166 252 143
244 156 88
222 111 190
78 24 35
90 76 55
10 10 10
20 30 40
50 60 70
80 90 100
110 120 130
140 150 160
170 180 190
200 210 220
230 240 250
15 25 35
25 35 45
35 45 55
45 55 65
55 65 75
65 75 86
75 86 95 
85 95 105
95 105 115
105 115 125
125 135 145
135 145 155
145 155 165
155 165 175
165 175 185
175 185 195
185 195 205
195 205 215
205 215 225
215 225 235
225 235 245
235 245 255
245 255 255
40 55 190
125 67 34
255 0 25
0 255 67
69 0 0 
23 45 160
212 25 0 
2 255 4
0 49 223
1 209 45
0	48	143
114	160	193
163	38	56
240	248	255
227	38	54
196	98	16
239	222	205
229	43	80
255	191	0
255	126	0
255	3	62
153	102	204
164	198	57
242	243	244
205	149	117
145	92	131
132	27	45
250	235	215
0	128	0
141	182	0
251	206	177
0	255	255
127	255	212
75	83	32
59	68	75
233	214	107
178	190	181
135	169	107
255	153	102
165	42	42
253	238	0
110	127	128
86	130	3
0	127	255
240	255	255
137	207	240
161	202	241
244	194	194
11 33 69